org.slf4j/slf4j-api,org.slf4j/slf4j-api/1.8.0-beta4
org.slf4j/slf4j-jdk14,org.slf4j/slf4j-jdk14/1.8.0-beta4
